11811.1074 0.0026028 12 0 0 CB 20080512
527.5884 0.5724 12 0 0 CB 20090803
89.4826 1.2636 12 0 0 CB 20091230
856.3878 0.045232 12 0 0 CB 20080221
8967.0791 0.0903 12 0 0 LT 20100227
104.0916 2.2248 12 0 0 CB 20100404
60.4066 0.89964 12 0 0 CB 20100615
8327.0488 0.096488 12 0 0 RT 20110311
15061.6572 0.0065988 12 0 0 CB 20120411
552.5905 0.189 12 0 0 CB 20120412
430.7171 0.13392 12 0 0 CB 20121214
#9677.2031 0.015228 12 0 0 CB 20130206
1000 0.038 12 0 0 LB 20100110
168.4104 5.3956 12 0 0 CB 19991016
4029.2334 0.96444 12 0 0 CB 20021103
596.4440 0.40112 12 0 0 LT 20031222
310.8560 0.41408 12 0 0 RT 20190704
339.5603 1.3932 12 0 0 CB 20190706
